Education Key,"Labor force, female (% of total labor force)",Net migration,"Labor force, total",Rural population (% of total population),Rural population growth (annual %),Population growth (annual %),Urban population growth (annual %),Urban population (% of total population),Poverty headcount ratio at national poverty line (% of population),"Life expectancy at birth, male (years)","Life expectancy at birth, total (years)","Life expectancy at birth, female (years)"
0,46.6373760891524,..,17821886,19.878,0.557844254173616,0.944466927450734,1.04061858829188,80.122,..,77.9,80.1926829268293,82.6
1,45.8854194295737,..,151976098,20.072,0.0733898148736528,0.921713167161207,1.13588459113456,79.928,..,75,77.4878048780488,80.1
2,45.8478083088339,..,30850081,20.085,-0.72729480806256,0.68661130607346,1.04513367651541,79.915,..,77,79.0487804878049,81.2
3,46.8478383373751,..,28960856,22.87,-0.320426069481928,0.753799176960609,1.07455109024098,77.13,13.2,76.7,80.1634146341463,83.8
4,45.0963087775203,..,41232898,24.02,-0.89009829883984,-0.0567782618352031,0.208115300433845,75.98,12.5,76.2,78.9317073170732,81.8
5,47.503174017185,..,4688853,15.681,0.0116538221666779,0.399942762807279,0.472320307976532,84.319,..,78.4,80.5463414634146,82.8
6,44.6728515309733,..,10531732,15.418,0.550923764293113,1.31978955436191,1.46058120993102,84.582,..,78.5,80.8414634146341,83.3
7,46.7839143322441,..,2891543,14.144,-1.75420067622539,0.275481733409308,0.613841537988877,85.856,11.7,75.6,77.8439024390244,80.2
8,44.012453174172,..,4627254,2.59699999999999,-1.47005146001006,0.550055708089009,0.604479238401223,97.403,..,76.2,78.9804878048781,81.9
9,46.8751721022556,..,18030705,19.787,0.551491248878675,1.01033450270045,1.12384675481251,80.213,..,78.1,80.3439024390244,82.7
10,45.8667040645259,..,153855509,19.901,0.108670280303657,0.964253917136075,1.17796815968651,80.099,..,75.2,77.6878048780488,80.3
11,45.9036981680864,..,31344492,19.801,-0.689030673720119,0.73504867842129,1.08979547464129,80.199,..,77.2,79.2487804878049,81.4
12,46.9814387052575,..,29121837,22.623,-0.388701996499674,0.697191228293622,1.01691847691652,77.377,13.1,77.3,80.8121951219512,84.5
13,45.4127130112577,..,41686001,23.821,-0.94472587678598,-0.112797497644931,0.148771505773609,76.179,15.2,76.4,79.1317073170732,82
14,47.4596897955197,..,4750286,15.57,-0.147856984518276,0.562483906481893,0.694032980903411,84.43,..,78.7,80.7487804878049,82.9
15,44.8137349829524,..,10778084,15.3,0.706962850499227,1.47522794532757,1.61463706779604,84.7,..,78.7,81.0414634146342,83.5
16,46.9756400766731,..,2916799,13.902,-1.39701460287901,0.328645158919929,0.610096500558927,86.098,11.7,75.9,78.0951219512195,80.4
17,44.275447402425,..,4644197,2.54600000000001,-1.32390532490679,0.659558214980699,0.711907500572579,97.454,..,76.6,79.380487804878,82.3
18,47.0367127041087,1326431,18379605,19.604,0.0419781487099549,0.971135141368055,1.19901884209158,80.396,..,78.3,80.5439024390244,82.9
19,45.9091139255511,5428756,155224880,19.731,0.0931570901609545,0.951055242772428,1.16306776101756,80.269,..,75.5,77.9878048780488,80.6
20,45.8036288395527,2189404,31545732,19.521,-0.645498561587356,0.778666112441256,1.12718995503098,80.479,..,77.4,79.4487804878049,81.6
21,47.2176043395393,446120,29370122,22.379,-0.46570233706282,0.618708359125178,0.933552495930575,77.621,12.5,77.6,81.1121951219512,84.8
22,45.6021928620459,43087,41856167,23.622,-0.972624936417963,-0.133718572600486,0.127167671405373,76.378,15.2,76.9,79.5341463414634,82.3
23,47.5157840190693,262453,4824500,15.412,-0.278425345929474,0.741552514625445,0.928518962327078,84.588,13.5,78.9,80.9,83
24,44.9021282133794,1210802,10941713,15.178,-0.175916829079821,0.624678435014185,0.76861501629068,84.822,..,79,81.2926829268293,83.7
25,46.8976954113383,87989,2924600,13.707,-0.969240330493392,0.443466054321374,0.669712104371388,86.293,11.8,76,78.1951219512195,80.5
26,44.5456452434672,294270,4724271,2.495,-1.2892233835824,0.734330830765919,0.786651495882078,97.505,..,77.1,79.7829268292683,82.6
27,46.9747541914123,..,18667574,19.422,0.150191983656897,1.08290711607014,1.30902990520455,80.578,..,78.5,80.6951219512195,83
28,46.0563357742212,..,156907793,19.562,0.0856572616332229,0.945865287282592,1.15618567133535,80.438,..,75.6,78.0390243902439,80.6
29,45.8215024980095,..,31947237,19.243,-0.647312855625716,0.787032622318939,1.13186919618862,80.757,..,77.6,79.6,81.7
30,47.3227223238786,..,29578964,22.132,-0.551005341377481,0.558843467315968,0.876550913105713,77.868,12.9,77.8,81.2146341463415,84.8
31,45.5925888526803,..,41910272,23.425,-1.02760728004144,-0.190142844695674,0.0674524949232638,76.575,15.5,77.2,79.7365853658537,82.4
32,47.4329006302381,..,4891961,15.254,-0.25146776679838,0.779033290770134,0.96565304883884,84.746,14.4,79.1,81.1,83.2
33,45.0158396153274,..,11234490,15.057,1.20362325009444,2.00402174031569,2.14657127926835,84.943,..,79.2,81.3951219512195,83.7
34,46.7449601321973,..,2919273,13.513,-0.837858836427194,0.587547590258978,0.812104326450457,86.487,13.1,76.3,78.4463414634146,80.7
35,44.8287788895034,..,4773360,2.44499999999999,-1.23424152522468,0.789976845480149,0.841239515661802,97.555,..,76.9,79.6804878048781,82.6
36,47.2003768254477,..,18799155,19.242,0.210657043137183,1.14175809912162,1.36489394771959,80.758,..,78.8,80.9951219512195,83.3
37,46.2744591141085,..,157079943,19.394,0.0141332145804876,0.876651298802912,1.08529029428822,80.606,..,76,78.390243902439,80.9
38,46.0812931645524,..,32114459,18.969,-0.677734878009573,0.756390859593407,1.09510526789302,81.031,..,78.1,80.0512195121951,82.1
39,47.4534920531677,..,29841513,21.883,-0.61695583255272,0.51448954376938,0.833751507575813,78.117,13.3,78,81.4146341463415,85
40,45.7874343299062,..,41974586,23.229,-1.09361469759633,-0.253383410163402,0.00224726200833851,76.771,15.6,77.3,79.8365853658537,82.5
41,47.3978352933123,..,4908471,15.098,-0.175998434187412,0.851904412936677,1.03580660075872,84.902,14.8,79.4,81.3512195121951,83.4
42,45.1718771090282,..,11475961,14.937,1.26087513592047,2.0610451296841,2.20221763850756,85.063,..,79.3,81.5439024390244,83.9
43,47.0163471869418,..,2910409,13.346,-0.708502319928255,0.535079062079429,0.727990766226651,86.654,13.3,76.5,78.5975609756098,80.8
44,45.0319260463328,..,4796084,2.39700000000001,-1.17815407099429,0.804599572619861,0.853791422542778,97.603,..,77.4,80.0341463414634,82.8
45,47.3105135439399,..,19001081,19.063,0.177253215195272,1.11186407517168,1.33326871439499,80.937,..,79.1,81.2463414634146,83.5
46,46.2776845426185,..,157111093,19.228,-0.0300018427486857,0.829616674709795,1.03534480069191,80.772,..,76.2,78.5414634146342,81
47,46.1307668483647,..,32288000,18.698,-0.6550637943101,0.783888646646516,1.11777108530512,81.302,..,78.5,80.4024390243902,82.4
48,47.5128651982655,..,29956981,21.631,-0.664214156447613,0.494040602950225,0.816112721485516,78.369,14,78.2,81.6634146341463,85.3
49,45.8603551067452,..,41963382,23.034,-0.996210590149904,-0.153198446937304,0.100481934472227,76.966,15.8,77.5,79.9878048780488,82.6
50,47.142810324102,..,4943074,14.944,-0.172740981094966,0.852524628765313,1.03375039522615,85.056,15.4,79.5,81.4512195121951,83.5
51,45.0740939124137,..,11664656,14.818,0.755635553247212,1.55548958906995,1.69528537779197,85.182,..,79.5,81.6951219512195,84
52,47.012333719663,..,2890450,13.205,-0.617821850291543,0.444197154509531,0.606766049074667,86.795,12.1,77.1,79.1,81.2
53,45.2562777741472,..,4896640,2.349,-1.10933298043542,0.913639391631709,0.962809676840454,97.651,..,77.5,80.1829268292683,83
54,47.2675160250259,..,19147395,18.904,0.141129967876975,0.978697786570341,1.17495264216968,81.096,..,79.4,81.4487804878049,83.6
55,46.2662963593824,..,157163170,19.056,-0.17176717755585,0.726786704810745,0.93950541093758,80.944,..,76.3,78.6414634146341,81.1
56,46.2223004499946,..,32509057,18.43,-0.662170793529716,0.781506562236639,1.11059917110884,81.57,..,79,80.9512195121951,83
57,47.5926856135066,..,29965384,21.378,-0.692841861236954,0.483675544447657,0.805988907327058,78.622,14.1,78.7,82.1146341463415,85.7
58,46.0976110530771,..,41720726,22.84,-2.69951501551236,-1.8537146287573,-1.60197231472939,77.16,16.1,77.9,80.4365853658537,83.1
59,47.3280563925807,..,5001509,14.703,-0.870656589126663,0.755150133665177,1.03808770233338,85.297,15.2,79.9,81.8024390243903,83.8
60,45.2655681478793,..,11832782,14.7,0.590016537588383,1.38952731561803,1.52795741614347,85.3,..,79.7,81.8951219512195,84.2
61,47.1153546370282,..,2886698,13.043,-0.822679883294614,0.411737855195019,0.598214062880133,86.957,12,77.8,79.8,81.9
62,45.3445786570053,..,4878828,2.30200000000001,-0.719949466667124,1.3010029017038,1.34911743933303,97.698,..,78,80.5853658536585,83.3
63,47.3929954283179,1241416,19322866,18.863,0.868694356405575,1.08581726304756,1.13636233305053,81.137,..,79.6,81.6487804878049,83.8
64,46.1698979033379,4961716,157841889,18.881,-0.188989154899031,0.733599941250847,0.94956550837067,81.119,..,76.4,78.7414634146342,81.2
65,46.2438684351103,1300231,32814013,18.163,-0.763971414189812,0.695353132322269,1.02214552018811,81.837,..,79.1,80.9048780487805,82.8
66,47.6085403454821,423831,30223508,21.122,-0.720717769177046,0.483998961260596,0.809077603076875,78.878,13.7,78.7,81.9682926829268,85.4
67,46.1143466510894,1938576,41825064,22.83,0.143933886234076,0.187727800567293,0.200687484378332,77.17,16.1,78.1,80.5390243902439,83.1
68,47.443880371314,253958,5036384,14.38,-1.48157088764066,0.739763272434863,1.11772736224152,85.62,16,79.9,81.7048780487805,83.6
69,45.41801099319,989375,11998883,14.598,1.04950290202891,1.74582000067359,1.86533013697943,85.402,..,79.9,82.0463414634146,84.3
70,47.2834685697254,106841,2872008,12.858,-1.05235438166474,0.376272242619955,0.588807879418738,87.142,11.9,78.1,80.0512195121951,82.1
71,45.3736263266519,258672,4912649,2.256,-1.39855214009303,0.620163579337378,0.667241432726619,97.744,..,77.8,80.3853658536585,83.1
72,47.4664738824525,..,19546552,18.822,0.838999350897815,1.05659125917789,1.1071099946107,81.178,..,79.7,81.7487804878049,83.9
73,46.0876473531216,..,158252925,18.701,-0.265051290084759,0.692860276624581,0.914510413562637,81.299,..,76.4,78.7414634146342,81.2
74,46.393750997412,..,33110692,17.898,-0.80001995626323,0.669740535540783,0.993032273243824,82.102,..,79.2,81.0048780487805,82.9
75,47.8019326319967,..,30370293,20.865,-0.709427804343142,0.514773829097755,0.840063257587818,79.135,13.3,79,82.219512195122,85.6
76,46.3453416086635,..,42181439,22.82,0.229090401386349,0.272900214681538,0.285857246854236,77.18,16.7,78.1,80.490243902439,83
77,47.4679763474813,..,5100683,14.064,-1.37467626472053,0.847348652246305,1.21574579485077,85.936,15.6,80.2,81.9560975609756,83.8
78,45.5475944338371,..,12177653,14.498,1.03377142785345,1.721151439989,1.83817579922612,85.502,..,80.1,82.1487804878049,84.3
79,47.4786772722333,..,2852590,12.708,-0.756438116975554,0.416901360752097,0.588870489603471,87.292,12.1,78.3,80.3,82.4
80,45.7536308703915,..,4963617,2.211,-1.54354711231896,0.471340143966627,0.517369105105909,97.789,..,78.1,80.5878048780488,83.2
81,47.3260755881115,..,19629145,18.782,0.792587517646634,1.00533757867378,1.05460141956621,81.218,..,79.8,81.8,83.9
82,46.1457194122896,..,158910317,18.517,-0.255415159548918,0.733361519937424,0.95943078191871,81.483,..,76.5,78.8414634146341,81.3
83,46.5275417044284,..,33393576,17.635,-0.743876715949527,0.736463978721671,1.05628515029885,82.365,..,79.5,81.3048780487805,83.2
84,47.9954558645191,..,30352088,20.606,-0.775374196840344,0.473706907839969,0.800461111271982,79.394,13.6,79.5,82.719512195122,86.1
85,46.4265851882533,..,42438398,22.81,0.37304552347498,0.416877359168292,0.429833546326634,77.19,16.7,78.7,81.090243902439,83.6
86,47.5206634866369,..,5143977,13.753,-1.2438943662732,0.992219728591882,1.35346011400427,86.247,16.3,80.4,82.2536585365854,84.2
87,45.7395749911307,..,12320637,14.398,0.799422656982681,1.49156648912847,1.60845510176755,85.602,..,80.3,82.3,84.4
88,47.0978889205371,..,2868343,12.59,-0.425825398021756,0.507053283010163,0.642139401786018,87.41,12.2,78.7,80.7,82.8
89,46.0813502821455,..,4979700,2.167,-1.56609972446087,0.44392928847521,0.488911943991581,97.833,..,78.8,81.2878048780488,83.9
90,47.1730619486038,..,19747709,18.741,0.527807559356073,0.746339477969813,0.796807975480466,81.259,..,79.9,81.9,84
91,46.0579005518947,..,159912569,18.329,-0.284256234098651,0.73621730882542,0.966674782180289,81.671,..,76.3,78.690243902439,81.2
92,46.5887797311702,..,33687036,17.374,-0.698702084016848,0.792367505802859,1.10874798285391,82.626,..,79.2,80.9560975609756,82.8
93,48.0337340969852,..,30433066,20.345,-0.919145180646347,0.355569240058298,0.683771061907009,79.655,13.6,79.2,82.3219512195122,85.6
94,46.5246922858045,..,42654597,22.8,0.821852310020411,0.865702643950251,0.87865693932128,77.2,16.5,78.3,80.6414634146341,83.1
95,47.7030077869698,..,5186870,13.447,-1.19260481951419,1.05745468551674,1.41161621630385,86.553,16.2,80.4,82.2048780487805,84.1
96,45.9271733775535,..,12556562,14.299,0.74925064728382,1.43921665259925,1.55480059894141,85.701,..,80.4,82.4,84.5
97,46.8017248488583,..,2898109,12.474,-0.219236536294951,0.706423849687002,0.839047238460703,87.526,11.9,78.8,80.7024390243902,82.7
98,46.1483902861869,..,4988278,2.124,-1.42467436077118,0.579446241677791,0.623385919307908,97.876,..,78.7,80.9926829268293,83.4
99,47.3007288127669,..,19955331,18.7,0.913336125759693,1.13234865466606,1.18279215486163,81.3,..,79.9,81.9,84
100,46.0415237778822,..,161836238,18.138,-0.322855438046257,0.724676067451429,0.958268060593122,81.862,..,76.1,78.5390243902439,81.1
101,46.6602727042597,..,34032105,17.114,-0.749926103717294,0.757874492811929,1.07205162087653,82.886,17,79.4,81.1560975609756,83
102,48.146161999555,..,30449775,20.083,-1.03227976096816,0.263868788565368,0.592247248892875,79.917,13.2,79.5,82.5731707317073,85.8
103,46.6417865210211,..,43551192,22.776,0.701902385917319,0.807218538573871,0.838301068113641,77.224,16.1,78.6,80.990243902439,83.5
104,47.6586272694698,..,5252218,13.148,-0.992235060870632,1.25645398510305,1.60131965237834,86.852,15.8,80.6,82.3073170731707,84.1
105,46.211541527932,..,12718524,14.2,0.867186152709259,1.56194049810399,1.67739012761928,85.8,..,80.4,82.4487804878049,84.6
106,47.2157559920902,..,2945216,12.358,-0.154006347380335,0.780392644135167,0.912853068832918,87.642,12.4,79,80.8536585365854,82.8
107,46.0317342716798,..,4994033,2.081,-1.53894185630458,0.506300002451376,0.550223217018871,97.919,..,79,81.4390243902439,84
108,47.4050796630968,1210159,20218270,18.65,0.931952478221833,1.19968215419992,1.26116200732881,81.35,..,79.9,81.9,84
109,46.1761236508463,4774029,163395307,17.942,-0.453841679756109,0.63264399508256,0.871785260117191,82.058,..,76.1,78.5390243902439,81.1
110,46.8942738973832,1303250,34228936,16.857,-0.833708171520974,0.679374473924223,0.988958891589791,83.143,18.6,79.5,81.2560975609756,83.1
111,48.1033521458614,182636,30490320,19.82,-1.02801175696707,0.29020211635109,0.618752778579461,80.18,13.4,79.6,82.5756097560976,85.7
112,46.658827722777,2719112,43789062,22.739,0.211141645524424,0.373724559895838,0.421625391544917,77.261,16,78.7,80.9926829268293,83.4
113,47.6461826418827,200000,5337330,12.854,-0.913960681281971,1.34744505956262,1.68537210192368,87.146,16.4,80.8,82.409756097561,84.1
114,46.4011508956038,791229,12976329,14.096,0.949422218240633,1.68452310845434,1.80566369778429,85.904,..,80.5,82.5,84.6
115,47.2092623311919,75998,2971347,12.243,-0.291439392403564,0.643350903737356,0.7744611852936,87.757,12.7,79.2,81.1024390243903,83.1
116,46.247307373246,240000,5081005,2.039,-1.65392677779666,0.385228018372369,0.428116624357897,97.961,..,79.2,81.4926829268293,83.9
117,47.5011713906423,..,20396697,18.589,1.08492803121353,1.412548033188,1.48750598693977,81.411,..,80,82.0487804878049,84.2
118,46.1907553625692,..,164634753,17.744,-0.58325455730801,0.526435395564053,0.767437430461766,82.256,..,76.2,78.6390243902439,81.2
119,46.9328772906074,..,34511971,16.602,-0.918358004456041,0.605929132212552,0.912161082441796,83.398,..,79.5,81.2560975609756,83.1
120,48.2426450501162,..,30620365,19.556,-1.0664931397133,0.274451849056795,0.603171755538467,80.444,13.6,79.7,82.7243902439024,85.9
121,46.5908498445375,..,43884544,22.688,0.0759898177879571,0.300526701992065,0.366515155973305,77.312,14.8,78.6,80.8926829268293,83.3
122,47.7020933562943,..,5399893,12.569,-1.08052409501122,1.16164515996039,1.48815067487379,87.431,17.1,80.9,82.5585365853659,84.3
123,46.5731198116897,..,13249617,13.988,0.766974495363977,1.53610551570388,1.66174925937128,86.012,..,80.7,82.7487804878049,84.9
124,47.1055280614086,..,2992152,12.126,-0.46451835692407,0.495838925879129,0.629088602704045,87.874,12.5,79.1,80.9536585365854,82.9
125,46.6071764423229,..,5136194,1.999,-1.52577216039863,0.455184695275022,0.496003003468172,98.001,14.8,79.4,81.5951219512195,83.9
126,47.3818036054098,..,20788261,18.518,1.0323383832027,1.41501469953534,1.50218820550071,81.482,..,80,82.0487804878049,84.2
127,46.2995903547265,..,166355636,17.541,-0.695262032744607,0.455381285963537,0.701867775195684,82.459,..,76.3,78.7878048780488,81.4
128,47.1550428535715,..,34776798,16.348,-0.977624103915803,0.564131113399897,0.868230886876796,83.652,..,79.4,81.2048780487805,83.1
129,48.3931658117767,..,30551690,19.291,-1.14552287464558,0.218824148997353,0.547704235533319,80.709,..,79.7,82.5780487804878,85.6
130,46.5777864720255,..,44351163,22.624,-0.0569656713221133,0.22551987421288,0.30826693577482,77.376,..,78.6,80.9414634146342,83.4
131,47.6766715437861,..,5455406,12.292,-1.21477073615386,1.01372226345511,1.33004433880562,87.708,..,81.3,82.9585365853659,84.7
132,46.7110282560764,..,13504175,13.876,0.717762399579264,1.52165367749095,1.65178048674511,86.124,..,80.9,82.9,85
133,47.0453035641601,..,3031682,12.006,-0.63629360711944,0.358130915892652,0.494581334948344,87.994,..,79.3,81.2024390243903,83.2
134,46.6413488628212,..,5182914,1.959,-1.48096625969404,0.540461327098122,0.581271660540823,98.041,..,79.6,81.7463414634146,84
135,47.0923695057402,..,20492683,18.438,0.656644458992974,1.08959148655862,1.18772430444538,81.562,..,..,..,..
136,46.2955115854218,..,163738061,17.336,-0.824661438105005,0.350911063312921,0.599210762260319,82.664,..,..,..,..
137,47.5612465741508,..,34749413,16.097,-0.981859809627956,0.565404594994568,0.86500789642149,83.903,..,..,..,..
138,48.4495501030496,..,30261152,19.025,-1.17657091084098,0.211906588145578,0.540944063384709,80.975,..,..,..,..
139,46.9817975720365,..,44120268,22.547,-0.163499076661776,0.177430343551393,0.276895619755864,77.453,..,..,..,..
140,47.265961128618,..,5489900,12.023,-1.49005557601014,0.722703912882934,1.02894002235642,87.977,..,..,..,..
141,46.7867180066848,..,13481621,13.759,0.411935262129995,1.25869817155796,1.39445750643396,86.241,..,..,..,..
142,47.1257215668479,..,3027786,11.884,-0.729793819628221,0.291641177476633,0.430201637829091,88.116,..,..,..,..
143,46.5938148556698,..,5160979,1.92100000000001,-1.37701813485268,0.581620792438621,0.620368902184976,98.079,..,..,..,..
